128
1
0.0361423
0.0424112
0.0293766
0.00218595
-0.0481533
0.0543886
0.0199271
0.0687616
-0.0497917
-0.0258649
0.00646822
0.0318343
-0.0308559
0.0865896
-0.0120955
-0.0151344
-0.00640685
0.00836225
-0.0353989
0.0401247
0.00608882
-0.00808307
0.0893849
-0.0344593
-0.0954089
0.0278366
-0.0477257
-0.158136
-0.0465822
-0.14955
0.0737279
-0.0580587
0.105452
0.0707101
0.0241694
0.0258612
0.11389
0.129167
0.113725
0.0498658
0.073765
0.00924854
0.00596561
-0.0132674
-0.005504
0.0181235
0.0398701
-0.00471918
0.0493246
0.0447346
-0.0295256
0.0227363
0.0428376
0.188616
0.047363
-0.0101682
0.11737
-0.00665882
-0.0141144
0.0517842
0.10344
-0.0384821
0.145467
0.22172
0.0540677
-0.0481557
0.0419419
-0.091288
0.0173315
0.000430013
0.0524934
0.1046
0.0132502
0.0354843
0.0938247
0.0436203
0.0592209
0.0398361
0.0780042
0.104083
0.0553657
-0.035808
0.0621537
0.044185
0.0260007
0.0182835
-0.0541863
0.0567273
-0.114942
-0.082886
0.000973125
0.0306039
0.0176641
0.0197838
-0.0669611
0.14195
0.0193739
0.0707836
0.0106944
0.127499
0.169377
-0.128585
0.138378
0.0146056
0.179131
0.00666989
-0.0415077
0.0140101
0.0367966
-0.0735361
0.0890054
-0.0245835
0.0411764
0.0261359
0.0395483
0.0331765
-0.0442993
0.0900617
0.0465214
0.101354
0.0776603
-0.0145668
0.0134564
0.0420894
0.00426862
0.155243
0.022538
0.0547619
