10
128
-0.450336
-0.357892
-0.0270678
-0.127996
0.249297
-0.147475
0.424087
0.0976887
0.159055
0.137536
0.276508
-0.343045
-0.323298
0.13
0.235476
-0.196087
-0.00559801
-0.0246193
0.0668129
0.0972049
0.160547
0.171355
0.563821
-0.246927
0.231853
-0.449348
0.347674
0.163608
-0.0922867
0.0137142
-0.508742
-0.220766
-0.103806
-0.0634206
-0.264936
-0.0847976
0.409626
-0.281335
-0.0499215
-0.038169
-0.0599097
0.176366
-0.235899
0.508953
0.0139837
0.138058
-0.471997
-0.24766
-0.842586
0.0139904
0.419121
0.321054
-0.279921
-0.182963
0.230311
0.0957357
-0.214818
-0.162105
0.374521
0.0231359
0.0924369
0.428988
-0.213632
0.0569047
-0.234127
-0.277941
-0.226332
-0.560825
0.0155704
-0.282432
-0.069735
0.177858
0.318999
-0.0283174
-0.409946
0.404685
-0.348542
0.465908
-0.463405
0.165518
-0.106443
0.423229
0.0841755
0.0623953
0.314669
0.510959
-0.475575
0.196085
0.038465
-0.232484
0.217776
0.144119
-0.00056077
-0.304042
-0.366803
0.0772039
-0.147527
0.107231
0.552908
-0.505369
0.137014
-0.0180374
-0.487724
0.128144
0.1868
-0.0868405
-0.202438
0.086613
-0.0484057
0.0328591
-0.374873
-0.0769955
0.306443
0.0779066
-0.499203
-0.293276
-0.254932
0.110592
-0.298435
-0.408836
-0.54747
-0.501278
-0.198732
-0.0292095
0.290107
-0.222463
0.0888063
0.0348344
0.248809
0.18681
-0.210022
-0.175918
0.704923
0.101332
-0.209697
0.338705
0.326623
-0.115431
0.437317
0.0332939
-0.39719
0.0656105
0.0163087
0.0116709
-0.688939
0.309665
-0.0650302
-0.0820788
-0.280624
0.240284
-0.147481
0.0534556
0.0829104
-0.2547
0.0700727
0.127548
-0.0528944
0.697251
0.200357
-0.215149
-0.372193
0.164475
-0.171293
-0.0334125
-0.36927
0.219249
0.232947
-0.152875
-0.174561
0.280175
0.044435
-0.0401514
-0.14834
-0.528694
-0.46357
0.0245251
0.0388968
0.0655494
0.131814
-0.480695
0.0912077
0.0315762
-0.382755
0.256725
0.101895
0.282001
0.23145
-0.0629001
0.277701
0.458028
-0.161021
0.0131862
0.0571681
0.219131
-0.192013
-0.0522253
0.53915
0.671151
-0.386237
1.19432
-0.378745
-0.00782868
0.40913
-0.429036
0.0451369
-0.00986885
0.233151
0.214324
0.0102998
0.150691
-0.580719
0.15624
-0.364134
-0.265857
0.266691
-0.214572
-0.294411
-0.227801
-0.491999
0.202088
-0.0836603
-0.412578
-0.027053
-0.0529472
0.304981
-0.440919
-0.128189
-0.350692
-0.265444
0.45695
-0.464374
0.294553
-0.348684
0.144443
-0.173554
-0.118419
0.182161
-0.594156
0.189142
0.405898
-0.238515
0.420342
-0.000765175
0.131325
0.0591677
-0.131522
-0.149359
0.288116
-0.020432
0.133696
0.116292
0.570247
-0.457631
-0.107115
0.359964
-0.148581
0.268818
0.0454244
-0.498293
0.207207
-0.063377
0.095138
0.144194
0.0792043
-0.845356
0.328018
0.35442
0.701907
-0.044876
0.452317
-0.475479
0.0086072
0.666198
-0.285595
-0.413583
0.586026
0.01456
-0.460904
0.085255
-0.143105
0.332346
-0.0117055
0.564315
-0.212788
0.072681
0.16769
-0.337928
-0.0418724
0.104064
0.00896537
-0.373752
-0.251756
0.359989
0.196248
-0.0655807
-0.108624
0.101576
-0.143062
0.0422126
0.373727
0.0224301
0.0155974
0.233021
0.346775
-0.137991
0.73275
-0.130046
-0.206005
0.558247
0.195186
-0.147212
0.109864
0.306728
-0.561532
0.509893
-0.841088
0.391795
-0.749585
-0.406482
-0.00333098
-0.289375
-0.359709
-0.306898
-0.422904
0.267152
0.510208
-0.0582823
-0.329338
-0.185383
-0.0978979
-0.72003
0.100484
0.772061
0.366352
-0.032143
-0.194795
0.699222
0.28795
0.846669
0.183833
-0.37481
0.308635
0.0571732
-0.00737572
0.510879
-0.0709218
-0.186571
0.271756
0.0513439
-0.170274
0.386702
0.441904
-0.14785
-0.0424914
0.173707
-0.0448113
-0.465298
0.179282
-0.0914933
0.231337
0.154086
0.807659
0.00292015
-0.424877
0.125277
-0.128499
-0.318137
-0.280234
-0.950921
-0.0860434
0.525501
0.183347
0.804184
0.202999
-0.392696
0.163536
-0.00262185
0.14482
-0.0905296
-0.35582
-0.542288
0.367464
-0.139481
-0.10723
0.438319
0.299629
-0.034222
0.281522
-0.110493
0.124536
0.0320284
-0.0302736
-0.451149
-0.139024
0.0769248
-0.059923
0.961087
-0.0809942
0.125004
0.799733
-0.257092
-0.632882
-0.616047
-0.169739
-0.0957467
-0.751664
-0.0884858
-0.453442
0.0229948
0.0693428
0.496539
-0.715482
0.0138898
0.0448581
0.0113357
0.0284289
0.00817477
-0.396932
0.626746
-0.37587
0.149359
-0.325269
0.0708738
-0.562963
-0.382877
0.0461384
0.232463
0.320437
0.315633
0.19778
-0.198249
-0.298879
0.555318
-0.034613
0.23882
0.056489
0.366848
-0.0164309
-0.14417
-0.165922
-0.282063
0.433791
-0.396753
0.290033
0.0959338
-0.580873
0.504535
0.100607
0.284797
-0.249469
0.226244
0.600347
0.544163
0.512168
0.410972
0.031718
-0.093374
0.29839
-0.0574113
-0.244237
-0.302841
-0.0303186
0.712157
-0.529062
0.089781
-0.319145
0.10287
-0.700801
0.352639
0.0972511
-0.306207
-0.145591
-0.619917
0.224122
-0.327837
-0.0562278
0.0346339
-0.0785103
0.198255
0.0663343
-0.319988
0.227097
-0.451978
0.857833
0.71163
-0.893757
0.0733897
-0.487109
0.136739
0.706331
-0.030862
0.693711
-0.199657
-0.250665
0.285898
-0.134595
0.153881
0.0409474
0.258752
0.0610958
0.0573348
-0.256199
-0.0950129
-0.193014
0.0538349
0.291151
0.244517
0.095373
-0.466494
0.26721
0.174557
-0.054015
-0.0812119
-0.639694
0.417765
0.429402
-0.373117
-0.427804
0.0733883
-0.722952
-0.310948
0.136529
0.0174765
-0.468516
-0.290719
-0.120219
0.172784
-0.559171
-0.121545
0.329489
0.0592553
-0.0192806
0.191687
0.172668
-0.190388
0.323047
0.0757312
-0.000175998
-0.435074
0.0772491
0.0934001
0.379664
-0.355458
-0.119668
-0.65663
0.279696
-0.341392
0.132789
-0.792147
0.063456
0.278585
0.456271
-0.125478
0.188486
0.142785
-0.767593
0.0888597
-0.0148103
0.0188321
0.0676562
0.2681
0.151222
-0.638002
0.149886
-0.112143
-0.0375777
0.202365
0.6383
-0.0477689
0.485605
-0.25962
0.585533
-0.824651
-0.225926
-0.350951
0.0288221
-0.0600094
-0.19166
0.261162
0.433656
-0.145732
-0.467903
0.467104
0.965234
0.0656234
0.24157
0.381987
-0.446192
-0.346312
0.0885225
0.401709
-0.597529
0.163809
0.180409
0.194823
0.181513
-0.0141216
-1.09479
0.374898
0.085206
-0.000711445
0.138387
0.289331
-0.511497
0.0176916
0.213108
0.379307
0.174458
0.771993
0.0725418
0.491702
-0.489074
-0.283171
0.353787
0.163506
-0.0483292
-0.135061
-0.467459
0.828688
-0.275396
0.0844508
0.371329
0.133493
0.331675
-0.0548495
0.336991
0.353621
-0.203619
0.120598
0.34811
-0.413429
0.581772
-0.00701504
0.337697
-0.295113
-0.112062
0.210289
-0.145515
0.223811
0.300674
0.592582
0.0196808
-0.178817
-0.159943
0.487098
-0.165269
-0.434132
0.0327846
0.0928385
0.0505303
-0.184066
0.432639
0.45768
-0.0354026
0.379907
0.780935
-0.350683
0.067421
0.12777
0.205172
0.0208269
0.55243
-0.581711
0.0424716
-0.942951
0.410274
-0.538285
-0.0427947
-0.0802896
-0.384661
0.446883
-0.154543
0.636021
-0.109236
0.19753
0.108489
-0.0865569
-0.0265719
-0.29517
-0.290564
0.630436
-0.942412
-0.267956
0.134462
0.0494123
-0.0949104
0.58787
0.971311
0.312012
0.419679
0.173967
0.0552224
-0.631376
-0.158102
-0.236251
-0.143915
0.501081
-0.631028
0.30682
0.136219
-0.413123
0.27228
0.343744
-0.645896
-0.0506367
0.825522
-0.0702274
0.515352
-0.579865
-0.305308
-0.264857
-0.145518
-0.361437
-0.327824
0.287116
0.145684
0.57176
-0.722388
0.649253
0.253035
0.257035
-0.732167
0.0200905
0.124153
0.280411
0.58771
-0.320726
0.0609151
0.0307568
-0.402298
-0.210927
-0.032245
-0.205117
0.523447
0.181471
-0.23794
0.103157
0.188587
-0.176782
-0.0242696
0.484011
0.212383
0.213713
-0.783399
0.379322
-0.0725971
-0.158794
0.135691
-0.315415
0.118696
0.113798
0.118439
0.594239
0.17652
0.239871
-0.159055
-0.303814
-0.337767
0.531706
-0.0298504
0.11574
-0.410446
0.656417
0.0944731
0.581297
-0.313522
-0.56246
0.0409187
-1.09242
-0.0247273
0.111599
0.16981
0.0774216
0.137312
-0.0342161
0.539825
0.543649
-0.0573719
0.401588
0.532014
-0.366626
-0.067197
0.0183604
-0.313288
-0.30933
-0.145477
0.518719
0.0366737
-0.0941327
0.00465052
0.342881
0.365536
-0.707336
-0.516807
-0.477668
-0.641314
-0.153899
-0.52313
0.091247
0.206999
0.0713838
0.0937254
0.0112171
0.241095
-0.187614
-0.170782
-0.54842
-0.135189
-0.480573
-0.0627255
0.429867
0.023907
-0.0243109
-0.284387
0.264872
-0.184367
-0.619365
-0.26536
-0.625129
0.355543
-0.261817
-0.116671
0.16365
-0.163888
0.288063
0.0644839
-0.068716
-0.362489
0.123351
-0.306554
-0.121068
-0.028657
-0.291941
-0.181362
-0.357959
-0.487055
-0.0280405
0.216203
-0.141964
0.166061
0.389027
0.26067
0.21559
0.500075
-0.0565971
-0.645023
-0.496539
-0.167776
-0.188844
-0.313139
0.043075
0.112518
0.147849
0.00939575
0.160905
-0.49579
0.711495
0.0167132
-0.16461
-0.013605
-0.0403654
-0.129326
-0.17229
0.371882
0.660016
-0.00310097
-0.0276308
0.286128
0.0143889
-0.311469
-0.594862
0.0160933
-0.342988
0.195413
0.260404
0.371253
0.262418
0.2288
-0.182922
0.0490728
0.0914375
-0.0727863
-0.247994
-0.287619
-0.416262
-0.356102
0.640701
0.227573
0.193935
-0.390897
-0.0665884
0.447676
0.210194
-0.0113309
0.391073
0.40971
0.230151
-0.0366451
-0.00453133
-0.422759
-0.111016
-0.169015
-0.113837
0.14864
0.331512
-0.367298
-0.202959
-0.101889
0.246208
-0.222282
0.0918236
-0.390027
0.463694
0.0224472
-0.76806
0.521028
-0.193274
0.132488
0.0601065
0.0587182
0.401465
0.00299619
0.315013
0.571141
-0.159488
0.0186713
0.0710529
-0.207872
0.576039
-0.221785
-0.244959
-0.0678622
-0.0750522
0.132258
0.0337857
0.819904
0.273724
0.652646
-0.44859
-0.215379
-0.0482757
-0.0395801
0.0611087
-0.0166138
-0.370878
-0.418049
0.294334
-0.221521
0.702709
0.361118
0.0876188
0.18409
-0.423727
0.513463
-0.212869
0.373323
0.0336523
0.00409641
0.0195565
0.598184
-0.061398
-0.0686092
-0.210829
-0.571711
0.276406
0.372529
-0.113278
-0.107481
0.247991
-0.14765
-0.132617
0.0339934
-0.473967
-0.106464
-0.275616
-0.0650031
-0.326749
0.216615
-0.650505
0.425083
-0.328665
0.159734
0.236534
-0.254511
-0.0648203
-0.194509
0.441076
0.895199
0.170225
0.0134005
-0.361463
-0.487282
0.314678
0.0361863
0.178864
0.623124
-0.598811
0.0466299
0.236567
-0.0658391
-0.155794
0.877089
0.0746562
0.441147
-0.520579
-0.271348
0.0935859
-0.363171
-0.27015
-0.194594
0.198637
-0.365463
-0.0135686
0.149973
-0.312733
-0.2183
0.0356955
0.265718
0.679214
-0.0547467
-0.123442
-0.0165358
0.243273
-0.00927739
-0.388399
0.250251
-0.00586156
-0.0637196
-0.348274
0.359025
0.124377
0.117619
-0.337194
0.598776
-0.684235
-0.0314068
-0.726454
0.242999
-0.300493
-0.884212
0.11544
-0.113168
0.370167
0.0701905
0.102329
0.106519
0.314211
0.0309398
-0.0316849
-0.0937782
-0.202985
-0.390922
0.15763
-0.228064
0.333877
0.00698392
-0.226628
0.445447
0.165565
0.102442
0.389908
0.074095
0.00524644
-0.0619416
0.160176
-0.00103915
-0.0589185
0.043118
0.00365226
0.0930188
0.356628
-0.604544
0.375675
-0.388556
0.0543773
0.345018
-0.569896
0.352885
-0.0720333
-0.277565
0.0865941
-0.288857
0.144279
-0.533113
0.187237
0.015646
-0.0983918
-0.498471
0.557847
-0.63305
-0.0845518
0.0503228
-0.126826
-0.00338811
-0.440495
-0.369684
-0.116534
0.230154
0.309055
0.351874
0.259768
-0.0968187
-0.7548
-0.311204
-0.511196
0.0886067
-0.187157
-0.728164
-0.449805
-0.0772701
0.265342
0.203138
-0.04677
0.054681
0.143324
-0.420607
0.125696
0.158549
0.203215
-0.618656
-0.29321
0.708996
-0.547142
0.496744
-0.135665
-0.450803
0.579337
-0.203291
0.0827537
-1.088
-0.180492
-0.451215
0.309574
0.452234
0.165979
0.309264
0.509971
-0.348945
0.123461
0.496831
0.392166
0.325027
0.0368597
-0.0556752
0.04647
0.241752
-0.401603
-0.492349
0.489969
0.450093
-1.09659
-0.0779092
-0.0411294
0.349879
-0.0211085
-0.12992
-0.358144
0.356404
0.549584
-0.383563
0.357915
-0.226538
-0.159718
-0.204526
0.100131
-0.32348
-0.622821
0.203153
0.0947428
0.281578
0.582853
-0.882321
0.327713
-0.369219
0.0642377
-0.19094
0.437469
0.229132
0.0373084
0.166738
-0.121065
-0.416445
0.346702
0.0987601
-0.0628247
0.226139
-0.0550672
-0.133717
0.00593723
0.229264
-0.362238
-0.355527
0.524605
-0.37681
0.255862
-0.270881
0.199471
-0.0426214
-0.225013
0.270135
0.536142
0.064236
0.202443
-0.119787
0.223515
-0.237003
-0.03161
-0.223843
-0.881269
0.692396
-0.0781676
0.465474
0.0313626
0.199568
-0.185849
0.12461
-0.0931337
0.100539
0.493097
0.0677809
-0.640719
-0.954984
0.513033
-0.587868
0.322411
-0.064653
0.254898
-0.0481755
-0.130696
0.678622
0.739169
0.638476
0.177268
0.185909
0.214018
-0.0774358
0.413201
0.00658192
-0.00786039
0.337803
-0.0843894
-0.245528
0.172338
-0.727798
0.0355103
0.150787
0.258831
0.237144
-0.656061
0.0218009
0.321139
0.330652
0.255586
0.431997
0.315739
0.629457
-0.224533
-0.96906
-0.717804
-0.568415
-0.228192
0.207203
-0.325538
-0.540746
0.125454
-0.273335
-0.839392
0.334752
-0.3586
0.246454
0.0468166
-0.148348
-0.0377413
-0.443235
-0.397137
-0.0244313
-0.350331
0.109716
0.0629353
0.0824907
